9 21
z
x2
s8
s5
x1
x3
s1
s7
s4
z
x1
x2
x3
s1
s2
s3
s4
s5
s6
s7
s8
a1
a2
a3
a4
a5
a6
a7
a8
rhs
1.0 0.0 0.0 0.0 0.0 -5.551115123125783E-17 -4.440892098500626E-16 0.0 0.0 -5.551115123125783E-16 0.0 0.0 1.0 1.0 0.9999999999999996 1.0 1.0 0.9999999999999993 1.0 1.0 -2.3092638912203256E-14 
0.0 0.0 1.0 0.0 0.0 0.0074074074074074155 0.07407407407407403 0.0 0.0 0.06666666666666662 0.0 0.0 0.0 0.0074074074074074155 0.07407407407407403 0.0 0.0 0.06666666666666662 0.0 0.0 3.999999999999999 
0.0 0.0 0.0 0.0 0.0 0.4888888888888889 -0.11111111111111102 0.0 0.0 -0.10000000000000003 0.0 1.0 0.0 0.4888888888888889 -0.11111111111111102 0.0 0.0 -0.10000000000000003 0.0 -1.0 12.0 
0.0 0.0 0.0 0.0 0.0 0.06666666666666665 0.6666666666666666 0.0 1.0 0.09999999999999994 0.0 0.0 0.0 0.06666666666666665 0.6666666666666666 0.0 -1.0 0.09999999999999994 0.0 0.0 18.0 
0.0 1.0 0.0 0.0 0.0 0.059259259259259275 -0.07407407407407408 0.0 0.0 0.033333333333333326 0.0 0.0 0.0 0.059259259259259275 -0.07407407407407408 0.0 0.0 0.033333333333333326 0.0 0.0 2.9999999999999996 
0.0 0.0 0.0 1.0 0.0 0.10370370370370371 0.03703703703703705 0.0 0.0 -0.06666666666666667 0.0 0.0 0.0 0.10370370370370371 0.03703703703703705 0.0 0.0 -0.06666666666666667 0.0 0.0 5.0 
0.0 0.0 0.0 0.0 1.0 -0.3777777777777778 1.2222222222222219 0.0 0.0 1.0999999999999996 0.0 0.0 -1.0 -0.3777777777777778 1.2222222222222219 0.0 0.0 1.0999999999999996 0.0 0.0 32.99999999999999 
0.0 0.0 0.0 0.0 0.0 0.35555555555555557 -0.4444444444444442 0.0 0.0 -0.7999999999999998 1.0 0.0 0.0 0.35555555555555557 -0.4444444444444442 0.0 0.0 -0.7999999999999998 1.0 0.0 5.329070518200751E-15 
0.0 0.0 0.0 0.0 0.0 0.4666666666666667 -0.3333333333333335 1.0 0.0 0.6999999999999997 0.0 0.0 0.0 0.4666666666666667 -0.3333333333333335 -1.0 0.0 0.6999999999999997 0.0 0.0 20.999999999999993 
