9 21
z
x2
s8
s1
x1
x3
s4
s7
s5
z
x1
x2
x3
s1
s2
s3
s4
s5
s6
s7
s8
a1
a2
a3
a4
a5
a6
a7
a8
rhs
1.0 0.0 0.0 0.0 0.0 1.1102230246251565E-16 -2.220446049250313E-16 0.0 0.0 -5.551115123125783E-16 0.0 0.0 1.0000000000000002 1.0 0.9999999999999998 1.0 1.0 0.9999999999999994 1.0 1.0 -1.4210854715202004E-14 
0.0 0.0 1.0 0.0 0.0 0.007407407407407425 0.07407407407407406 0.0 0.0 0.06666666666666664 0.0 0.0 0.0 0.007407407407407425 0.07407407407407406 0.0 0.0 0.06666666666666664 0.0 0.0 3.999999999999999 
0.0 0.0 0.0 0.0 0.0 0.4888888888888889 -0.11111111111111106 0.0 0.0 -0.10000000000000005 0.0 1.0 0.0 0.4888888888888889 -0.11111111111111106 0.0 0.0 -0.10000000000000005 0.0 -1.0 12.0 
0.0 0.0 0.0 0.0 1.0 -0.37777777777777766 1.2222222222222223 0.0 0.0 1.0999999999999996 0.0 0.0 -1.0 -0.37777777777777766 1.2222222222222223 0.0 0.0 1.0999999999999996 0.0 0.0 32.99999999999999 
0.0 1.0 0.0 0.0 0.0 0.05925925925925925 -0.07407407407407407 0.0 0.0 0.033333333333333326 0.0 0.0 0.0 0.05925925925925925 -0.07407407407407407 0.0 0.0 0.033333333333333326 0.0 0.0 3.0 
0.0 0.0 0.0 1.0 0.0 0.10370370370370371 0.03703703703703705 0.0 0.0 -0.06666666666666667 0.0 0.0 0.0 0.10370370370370371 0.03703703703703705 0.0 0.0 -0.06666666666666667 0.0 0.0 5.0 
0.0 0.0 0.0 0.0 0.0 0.4666666666666666 -0.33333333333333337 1.0 0.0 0.6999999999999998 0.0 0.0 0.0 0.4666666666666666 -0.33333333333333337 -1.0 0.0 0.6999999999999998 0.0 0.0 20.999999999999996 
0.0 0.0 0.0 0.0 0.0 0.3555555555555555 -0.4444444444444444 0.0 0.0 -0.7999999999999999 1.0 0.0 0.0 0.3555555555555555 -0.4444444444444444 0.0 0.0 -0.7999999999999999 1.0 0.0 0.0 
0.0 0.0 0.0 0.0 0.0 0.06666666666666668 0.6666666666666667 0.0 1.0 0.09999999999999994 0.0 0.0 0.0 0.06666666666666668 0.6666666666666667 0.0 -1.0 0.09999999999999994 0.0 0.0 18.0 
