9 21
z
x2
s8
s1
x1
x3
s6
s7
s5
z
x1
x2
x3
s1
s2
s3
s4
s5
s6
s7
s8
a1
a2
a3
a4
a5
a6
a7
a8
rhs
1.0 0.0 0.0 0.0 0.0 0.40740740740740794 0.16931216931216878 0.04761904761904853 0.0 0.0 0.0 0.0 1.0000000000000002 1.4074074074074079 1.1693121693121686 0.9523809523809514 1.0 1.0 1.0 1.0 27.000000000000004 
0.0 0.0 1.0 0.0 0.0 -0.03703703703703701 0.1058201058201058 -0.09523809523809522 0.0 0.0 0.0 0.0 0.0 -0.03703703703703701 0.1058201058201058 0.09523809523809522 0.0 0.0 0.0 0.0 2.0 
0.0 0.0 0.0 0.0 0.0 0.5555555555555556 -0.15873015873015872 0.14285714285714296 0.0 0.0 0.0 1.0 0.0 0.5555555555555556 -0.15873015873015872 -0.14285714285714296 0.0 0.0 0.0 -1.0 15.000000000000002 
0.0 0.0 0.0 0.0 1.0 -1.1111111111111107 1.746031746031746 -1.5714285714285712 0.0 0.0 0.0 0.0 -1.0 -1.1111111111111107 1.746031746031746 1.5714285714285712 0.0 0.0 0.0 0.0 7.105427357601002E-15 
0.0 1.0 0.0 0.0 0.0 0.03703703703703703 -0.0582010582010582 -0.047619047619047616 0.0 0.0 0.0 0.0 0.0 0.03703703703703703 -0.0582010582010582 0.047619047619047616 0.0 0.0 0.0 0.0 2.0 
0.0 0.0 0.0 1.0 0.0 0.14814814814814817 0.005291005291005291 0.09523809523809526 0.0 0.0 0.0 0.0 0.0 0.14814814814814817 0.005291005291005291 -0.09523809523809526 0.0 0.0 0.0 0.0 7.0 
0.0 0.0 0.0 0.0 0.0 0.6666666666666667 -0.47619047619047633 1.4285714285714288 0.0 1.0 0.0 0.0 0.0 0.6666666666666667 -0.47619047619047633 -1.4285714285714288 0.0 1.0 0.0 0.0 30.0 
0.0 0.0 0.0 0.0 0.0 0.8888888888888888 -0.8253968253968255 1.142857142857143 0.0 0.0 1.0 0.0 0.0 0.8888888888888888 -0.8253968253968255 -1.142857142857143 0.0 0.0 1.0 0.0 23.999999999999996 
0.0 0.0 0.0 0.0 0.0 4.163336342344337E-17 0.7142857142857143 -0.1428571428571428 1.0 0.0 0.0 0.0 0.0 4.163336342344337E-17 0.7142857142857143 0.1428571428571428 -1.0 0.0 0.0 0.0 15.000000000000002 
